000000000000000000000000000000000000000000000000000000000000008766532234466780000000000000000000000000000000000000000000000000000000000000000000000000
000000000000000000000000000000000000000000000000000000988888755553212433113455700000000000000000000000000000000000000000000000000000000000000000000000
000000000000000000000000000000000000000000000000000863222111111122222223210135449000000000000000000000000000000000000000000000000000000000000000000000
000000000000000000000000000000000000000000000000007211110000000011122111121111543000000000000000000000000000000000000000000000000000000000000000000000
000000000000000000000000000000000000000000000000093011000000000000011221111211141600000000000000000000000000000000000000000000000000000000000000000000
000000000000000000000000000000000000000000008888731111111100000000111122110112222580000000000000000000000000000000000000000000000000000000000000000000
000000000000000000000000000000000000000009533332101000011111111000112212210002222334456788880000000000000000000000000000000000000000000000000000000000
000000000000000000000000000000000000000004032110000000000111111100112220220001221222222235767000000000000000000000000000000000000000000000000000000000
000000000000000000000000000000000000000003221100000010000122121210111010011000120111223321254700000000000000000000000000000000000000000000000000000000
000000000000000000000000000000000000000005211000000011110012111110000000000000010110112222111248000000000000000000000000000000000000000000000000000000
000000000000000000000000000000000000098742100000000001111001101000000000000000111100011222112321800000000000000000000000000000000000000000000000000000
000000000000000000000000000000000000456422000000000000000000000011111111111111111111111122210142400000000000000000000000000000000000000000000000000000
000000000000000000000000000000000007133222110000000000000011111112223333333434454321122211111101600000000000000000000000000000000000000000000000000000
000000000000000000000000000000000008210011100000000001112223333334566777777777777653211111111001280000000000000000000000000000000000000000000000000000
000000000000000000000000000000000000721112100000001122344555556677788888888887777776520111111111119000000000000000000000000000000000000000000000000000
000000000000000000000000000000000000721111011000112234456666677777778888888887777777773011100000269000000000000000000000000000000000000000000000000000
000000000000000000000000000000000000411100011001222334566777677777788888888888777777777212210001070000000000000000000000000000000000000000000000000000
000000000000000000000000000000000000832000000112333344556777777777788888888888877787777522200011180000000000000000000000000000000000000000000000000000
000000000000000000000000000000000000052100001234444444456666666677788888888888888877777632200001290000000000000000000000000000000000000000000000000000
000000000000000000000000000000000000072201011334444444455666666677788888888888888887777642200011400000000000000000000000000000000000000000000000000000
000000000000000000000000000000000000083211012334434445455667777777777888888888888887777642100111500000000000000000000000000000000000000000000000000000
000000000000000000000000000000000000005231112333333445556677777777777788888888888887777742101111700000000000000000000000000000000000000000000000000000
000000000000000000000000000000000000008223112233333444556677778777777778888888888887777762001101800000000000000000000000000000000000000000000000000000
000000000000000000000000000000000000000423212443333344455667788888777788888888888887777775101102000000000000000000000000000000000000000000000000000000
000000000000000000000000000000000000000822116854434455544455677888877888778888877788877777201104000000000000000000000000000000000000000000000000000000
000000000000000000000000000000000000000042118866443344455555566777766777877654332233456777301117000000000000000000000000000000000000000000000000000000
000000000000000000000000000000000000000082128786110000112233445665764555321111223333345777411148800000000000000000000000000000000000000000000000000000
000000000000000000000000000000000000000095238883111221110000112334774322111112344556666677512676360000000000000000000000000000000000000000000000000000
000000000000000000000000000000000000000842238852332221111110000135788643222320012323567777615776339000000000000000000000000000000000000000000000000000
000000000000000000000000000000000000000413238732221111101331111136788766533443335435678877734788548000000000000000000000000000000000000000000000000000
000000000000000000000000000000000000000313349532222223333432211247778777654344566678888877752467658000000000000000000000000000000000000000000000000000
000000000000000000000000000000000000000343269533333222344433222236778788776667778888888877766655760000000000000000000000000000000000000000000000000000
000000000000000000000000000000000000000732160634444444555444323235788788888777888888888777758865770000000000000000000000000000000000000000000000000000
000000000000000000000000000000000000000031159843555555555544323335788788888888888888888776646767680000000000000000000000000000000000000000000000000000
000000000000000000000000000000000000000052137863345555555544322346788777788888888888777776647777690000000000000000000000000000000000000000000000000000
000000000000000000000000000000000000000072426742334455555544223457788877778888888888777776548776800000000000000000000000000000000000000000000000000000
000000000000000000000000000000000000000006325742233445555543243346788778877788888887777767457779000000000000000000000000000000000000000000000000000000
000000000000000000000000000000000000000000633752223344454432221124556643578778888888777776478900000000000000000000000000000000000000000000000000000000
000000000000000000000000000000000000000000097652223334444433211011236654588887888887777775490000000000000000000000000000000000000000000000000000000000
000000000000000000000000000000000000000000000653233334444443321111234444678888888887777664490000000000000000000000000000000000000000000000000000000000
000000000000000000000000000000000000000000000743333333444433211122211221245555678887776544500000000000000000000000000000000000000000000000000000000000
000000000000000000000000000000000000000000000942234333322222111124433433333324446877765454600000000000000000000000000000000000000000000000000000000000
000000000000000000000000000000000000000000000052223333211112222223455444444322334787544544900000000000000000000000000000000000000000000000000000000000
000000000000000000000000000000000000000000000083222332221111112333344555555554235775344426000000000000000000000000000000000000000000000000000000000000
000000000000000000000000000000000000000000000006222232222332333456777777888888525765343230000000000000000000000000000000000000000000000000000000000000
000000000000000000000000000000000000000000000000622222212333333333333455677777632455432479000000000000000000000000000000000000000000000000000000000000
000000000000000000000000000000000000000000000000072221111222222222111234566665321354325779000000000000000000000000000000000000000000000000000000000000
000000000000000000000000000000000000000000000000009511100111233433335567777533312333368779000000000000000000000000000000000000000000000000000000000000
000000000000000000000000000000000000000000000000000932100111244455667777876532421224787778000000000000000000000000000000000000000000000000000000000000
000000000000000000000000000000000000000000000000000042210111222345665665544233210257777777000000000000000000000000000000000000000000000000000000000000
000000000000000000000000000000000000000000000000000053321101112234543444322232014677777777790000000000000000000000000000000000000000000000000000000000
000000000000000000000000000000000000000000000000000073222210011123332333211211367777777777777533469000000000000000000000000000000000000000000000000000
000000000000000000000000000000000000000000000000000974322332100011111111001136777777777777777762002579000000000000000000000000000000000000000000000000
000000000000000000000000000000000000000000000000095254332233321111111112235677777777777777777872010001580000000000000000000000000000000000000000000000
000000000000000000000000000000000000000000000007520474333323322222223445566677777777777777778720000110013579000000000000000000000000000000000000000000
000000000000000000000000000000000000000000000730101465433333322222344445566767777777777887787201000011100002357000000000000000000000000000000000000000
000000000000000000000000000000000000000009753101101355433333332222234555677777777777777788851010000110011110001246800000000000000000000000000000000000
000000000000000000000000000000000000008642000000000234433333333323334556677777777777777886200101111111110011111000125790000000000000000000000000000000
000000000000000000000000000000000007531000010000000034333334333333455666777677777777887520011111111111111110000111100024790000000000000000000000000000
000000000000000000000000000000086421000000000000000012444334444333455566666667777887531001101111111111111111101010111100024700000000000000000000000000
000000000000000000000000000086310000000000000000000000123334455443444556666677776431000110011111111111111111111111111111110125700000000000000000000000
000000000000000000000000086310000000000000000000000000001122355554455555545443210000111001111111111111111111111111111111111111135780000000000000000000
000000000000000000000075310001000000000000000000000000000000111112212111110000000110000111111111111111111111111111111111111111111123579000000000000000
000000000000000000964210001000000000000000000000000000000000000000000000000000000000111111111111111111111111111111111111111000011110012468000000000000
000000000000000864200001000000000000000111111110000000000000000000000000000000000000111111111111111111111111111111111111111111111111111112368000000000
000000000000753100011000000000000000000111111111000000000000000000000000000000000011111111111111111111111111111111111111111111111111111111111400000000
000000000072100111100000000000000000000011111111100000000000000000000000000000000011101111111111111111111111111111111111111111111111111111111039000000
000000000510111111100000000000000000000010000011011111001011000000000000000000111001111111111111111111111111111111111111111111111111111111111112800000
000000083011111100111100000001001100010000001011111110101111110000000000000001111111111111111111111111111111111111111111111111111111111111111111280000
000000721110101111011111111111111111011000111110111011111111111111111010000111111111111111111111111111111111111111111111111111111111111111111111127000
000008211111101111111111111111111111111111111110001111111111111111111010011111111111111111111111111111111111111111111111111111111111111111111111111700
000082111111111111111111111111111111111111111111110111011111111111111101111111111111111111111111111111111111111111111111111111111111111111111111111170
000041111111111111111111111111111111111111111111111111111111111011111111111111111111111111111111111111111111111111111111111111111111111111111111111117
000611110111111111111111111111111111111111111111111111111111111111111111111111111111111111111111111111111111111111111111111111111111111111111111111112
008211101111111111111111111111111111111111111111111111111111111111110111111111111111111111111111111111111111111111111111111111111111111111111111111112
005111101111111111111111111111111111111111111111111111111101111111111111111111111111111111111111111111111111111111111111111111111111111111111111111112
082111101111111111111111111111111111111111111111111111111111111101111111111111111111111111111111111111111111111111111111111111111111111111111111111112
051111100111111111111111111111111111111111111111111111111111111111111101111111111111111111111111111111111111111111111111111111111111111111111111111112
031121110111111111111111111111111111111111111111111111111111111111101011111111111111111111111111111111111111111111111111111111111111111111111111111112
721111111111111111111111111111111111111111111111111111111111111111101001011111111111111111111111111111111111111111111111111111111111111111111111111112
611111111111111111111111111111111111111111111111111111111111111111111111111111111111111111111111111111111111111111111111111111111111111111111111111112
411111111111111111111111111111111111111111111111111111111111111111111111111111111111111111111111111111111111111111111111111111111111111111111111111112
311011111111101111111111111111111111111111111111111111111111111111110100111111111111111111111111111111111111111111111111111111111111111111111111111112
321111111111111111111111111111111111111111111111111111111111111111111111111111111111111111111111111111111111111112221111112111111111111222221122222212